// Auto-generated from pcb/24-clocks.stl bounds.
pcb_min_x = 103.000000;
pcb_max_x = 197.000000;
pcb_min_y = -142.000000;
pcb_max_y = -65.000000;
pcb_min_z = -5.085000;
pcb_max_z = 10.141200;
pcb_testpoints_xy = [[134.760000, -133.020000], [124.600000, -97.460000], [122.060000, -84.760000], [124.600000, -102.540000], [147.460000, -74.600000], [177.940000, -66.980000], [127.140000, -122.860000], [114.440000, -89.840000], [152.540000, -72.060000], [183.020000, -107.620000], [157.620000, -110.160000], [142.380000, -89.840000], [170.320000, -94.920000], [106.820000, -100.000000], [162.700000, -107.620000], [122.060000, -127.940000], [116.980000, -84.760000], [119.520000, -112.700000], [124.600000, -125.400000], [114.440000, -77.140000], [106.820000, -107.620000], [142.380000, -79.680000], [188.100000, -110.160000], [150.000000, -79.680000], [160.160000, -115.240000], [142.380000, -130.480000], [109.360000, -110.160000], [106.820000, -89.840000], [155.080000, -107.620000], [142.380000, -72.060000], [157.620000, -120.320000], [119.520000, -105.080000], [142.380000, -97.460000], [188.100000, -77.140000], [119.520000, -89.840000], [119.520000, -120.320000], [180.480000, -105.080000], [123.500000, -108.475000], [142.380000, -120.320000], [172.860000, -130.480000], [124.600000, -120.320000], [129.680000, -127.940000], [177.940000, -102.540000], [157.620000, -130.480000], [175.400000, -79.680000], [165.240000, -97.460000], [114.440000, -105.080000], [111.900000, -97.460000], [132.220000, -84.760000], [155.080000, -82.220000], [165.240000, -89.840000], [124.600000, -82.220000], [116.980000, -117.780000]];
pcb_center_pin_1_x = 131.000500;
pcb_center_pin_1_y = -138.000740;
pcb_center_pin_2_x = 182.001160;
pcb_center_pin_2_y = -72.499220;
pcb_center_pins_xy = [[131.000500, -138.000740], [182.001160, -72.499220]];
